23.18
23.18
46.85
28.58
22.0
17.41
16.41
16.51
24.2
29.46
29.84
31.3
36.53
35.42
29.9
33.16
27.06
34.66
36.86
21.1
19.85
26.99
32.14
36.81
40.85
54.92
57.72
31.76
36.25
37.35
108.06
39.84
27.49
39.4
29.0
26.74
32.41
33.42
29.55
29.84
31.2
31.04
28.64
20.6
23.58
33.05
26.64
25.07
22.78
22.81
22.6
20.32
22.52
22.45
42.19
81.57
55.52
72.4
137.23
146.38
63.21
53.52
40.7
43.88
31.94
33.54
33.93
26.93
27.7
39.8
42.5
36.16
31.12
46.33
28.08
27.47
44.39
33.52
32.13
43.47
33.09
48.83
52.2
35.22
41.14
33.11
29.75
27.56
40.39
43.34
44.15
39.52
27.86
42.29
50.24
36.45
34.96
30.48
25.46
25.7
30.25
48.13
47.69
28.93
25.48
35.79
40.2
32.01
63.7
46.43
43.82
32.29
31.67
31.84
27.99
26.05
32.16
26.2
31.03
29.1
24.06
21.09
22.06
25.88
31.84
25.81
21.89
27.86
33.46
30.64
29.7
24.21
17.99
20.31
25.06
37.24
25.54
22.63
30.03
29.09
28.53
27.72
27.13
24.42
31.43
35.0
26.67
27.79
21.06
37.33
44.86
32.6
31.97
35.74
34.83
39.17
46.63
66.26
94.08
72.18
76.64
30.87
37.86
34.54
38.13
36.02
46.51
43.7
44.38
29.75
27.79
26.45
29.41
39.11
51.86
79.28
70.71
24.63
45.51
45.17
47.37
51.47
45.19
45.06
43.44
39.98
34.49
25.62
30.34
34.27
33.96
36.46
34.49
39.18
22.66
19.19
14.11
25.53
35.33
46.56
30.88
59.85
59.93
37.52
41.49
34.55
37.46
39.76
35.58
30.28
29.55
23.95
45.15
39.28
39.12
28.02
26.69
14.63
10.69
15.45
40.97
25.31
26.55
24.82
24.84
22.77
21.25
22.7
25.93
28.45
38.59
50.52
48.67
37.28
28.62
15.62
18.73
44.51
52.37
44.69
38.67
20.94
13.73
19.54
36.39
26.21
40.28
91.68
85.3
33.76
29.78
47.89
64.94
65.71
74.7
70.37
28.33
31.93
30.48
22.57
25.0
36.84
48.56
49.79
53.0
35.25
31.38
28.65
23.43
43.03
32.7
26.31
26.81
32.76
58.23
73.84
69.47
75.31
58.2
39.52
38.65
32.07
38.07
35.63
35.59
32.79
34.49
39.45
34.34
23.43
25.7
26.73
112.58
135.04
113.51
94.72
68.8
40.56
37.41
29.81
78.34
60.64
35.07
36.53
38.8
32.03
23.0
19.61
38.47
35.88
24.71
31.22
30.11
10.06
12.37
9.61
11.57
34.29
39.68
21.98
23.78
30.86
32.89
28.1
28.33
25.22
25.12
29.63
28.64
27.17
31.48
32.75
30.51
105.62
94.93
38.67
45.97
44.17
39.96
35.76
40.69
23.37
50.73
191.66
169.12
75.34
132.57
247.64
375.34
324.02
148.84
147.21
56.33
43.75
50.2
53.5
40.08
42.71
49.99
44.65
41.02
64.95
153.5
143.78
64.49
100.7
117.03
106.62
61.67
49.04
59.52
102.38
98.33
88.32
37.01
39.72
62.81
43.93
27.49
30.78
21.82
36.77
46.76
38.97
44.3
50.22
82.8
286.92
297.85
104.36
109.89
159.67
98.48
99.99
95.69
56.83
26.76
26.1
26.9
43.98
37.9
28.42
22.21
26.85
30.86
42.61
34.79
43.65
35.76
15.53
14.59
21.19
59.49
266.49
366.82
254.98
260.19
206.01
233.88
167.25
96.49
24.08
33.65
63.37
65.58
55.75
13.54
8.61
7.75
14.74
27.88
22.45
24.37
27.93
22.75
23.05
100.06
26.43
32.84
96.48
74.16
101.67
70.45
38.14
44.87
44.46
49.36
27.96
29.66
35.58
33.25
14.85
18.96
23.05
28.58
27.28
83.32
137.68
194.74
261.34
134.06
77.8
44.24
47.07
39.27
27.23
45.46
61.79
38.06
45.87
44.37
71.0
97.19
133.6
134.96
53.76
57.36
34.59
40.68
40.88
41.59
35.77
16.42
29.82
32.07
77.83
100.17
10.72
88.58
154.6
90.84
26.81
27.34
39.26
32.45
45.53
48.76
34.16
24.28
25.14
35.42
53.41
57.74
36.18
32.33
30.42
20.19
84.17
126.67
158.33
30.56
74.8
66.09
41.87
30.56
30.52
33.95
18.69
34.2
37.25
26.74
32.31
21.27
32.03
34.7
34.98
32.05
57.24
21.05
8.93
12.17
65.65
29.34
39.7
82.45
102.88
74.86
20.21
25.81
23.97
28.16
38.25
37.17
36.88
39.75
29.5
21.73
18.95
19.38
24.76
29.0
27.3
24.67
20.12
20.15
8.4
7.18
16.37
34.62
81.07
36.25
54.84
89.55
60.56
38.54
38.89
86.27
74.77
62.02
167.88
159.84
23.47
36.6
33.23
32.44
26.39
24.71
24.36
25.52
28.61
25.78
30.87
21.04
18.11
18.86
30.18
32.29
37.74
42.2
43.33
27.53
26.47
34.59
35.16
67.63
69.5
45.81
151.88
97.61
132.98
171.04
215.84
312.29
378.08
390.45
640.47
538.68
939.44
1450.07
983.53
485.61
560.54
581.48
468.4
271.41
108.58
169.9
188.23
113.68
69.26
69.97
61.56
43.34
50.08
37.05
37.86
37.05
39.49
117.88
171.94
117.55
147.74
222.18
299.19
291.7
162.63
54.89
115.98
154.04
210.22
182.24
128.4
119.85
89.18
49.29
46.43
47.45
36.33
45.74
51.76
50.02
39.38
79.05
259.64
113.94
97.39
145.76
189.03
152.44
127.03
114.87
76.08
41.66
51.96
23.93
18.18
15.67
54.6
52.02
15.19
26.69
24.86
19.26
19.28
20.84
14.46
83.35
39.43
41.29
28.98
16.33
43.79
42.84
33.69
32.85
28.37
24.24
31.12
51.55
28.32
23.1
24.19
26.81
26.3
24.91
22.25
21.71
34.06
21.66
17.55
15.91
43.1
61.47
42.05
20.93
25.41
28.67
23.1
22.84
25.66
26.15
25.8
30.74
33.79
23.98
27.89
35.09
27.51
30.37
32.47
31.08
35.24
27.7
6.49
4.92
13.68
28.01
22.94
17.95
21.73
34.25
37.15
35.09
35.48
38.44
52.0
63.9
59.85
46.84
76.47
64.45
36.03
92.86
83.98
